%YAML:1.0
---
imsize: !!opencv-matrix
   rows: 2
   cols: 1
   dt: i
   data: [ 1280, 720 ]
imsize2: !!opencv-matrix
   rows: 2
   cols: 1
   dt: i
   data: [ 1280, 720 ]
K: !!opencv-matrix
  cols: 3
  data: [1077.8164005859644, 0.0, 585.3559987331525, 0.0, 1078.1956353178969, 417.6602004805297, 0.0, 0.0, 1.0]
  dt: d
  rows: 3
R2: !!opencv-matrix
  cols: 3
  data: [0.9999357022966436, 0.005490048219382414, -0.009922229742703579, -0.005043083052797491, 0.9989955956478064, 0.04452378229224282, 0.010156701523660243, -0.04447088088663529, 0.9989590492944773]
  dt: d
  rows: 3
t2: !!opencv-matrix
  cols: 1
  data: [-5.370056469674894, -0.3559057026445045, -0.5325226018658614]
  dt: d
  rows: 3
K2: !!opencv-matrix
  cols: 3
  data: [1092.067061804809, 0.0, 710.6821173499242, 0.0, 1094.6016660233734, 383.94585192475745, 0.0, 0.0, 1.0]
  dt: d
  rows: 3
delta: !!opencv-matrix
  cols: 1
  data: [-0.3652075011776509, 0.3902257235511626, -0.004471579517250637, 0.003053129504234887, 0.24301125160204715, 0.0, 0.0, 0.0, 0.0019447504538318396, -0.008900422151388943, 0.01558426174817904, -0.005894575475938578]
  dt: d
  rows: 12
delta2: !!opencv-matrix
  cols: 1
  data: [-0.37159386666365657, 0.5578403400560226, -0.007491725609806938, 0.0017893707122285092, -0.12231609144080777, 0.0, 0.0, 0.0, 0.009002519700107894, -0.016269100861412575, 0.039266502768281066, -0.008125104681535227]
  dt: d
  rows: 12
E: !!opencv-matrix
  cols: 3
  data: [-0.006300383701030159, 0.5478151739560839, -0.33182530196106286, -0.4779463011578876, -0.24173471637957197, 5.369750317202984, 0.382964459499996, -5.362708822116155, -0.24262660330123212]
  dt: d
  rows: 3
F: !!opencv-matrix
  cols: 3
  data: [1.8551251926447064e-07, -1.612454615871796e-05, 0.017156769586360397, 1.4040369342593706e-05, 7.098811942357512e-06, -0.18120283842841647, -0.017837003197631592, 0.18111390334195185, 1.0]
  dt: d
  rows: 3
Rs: !!opencv-matrix
  cols: 3
  data: [0.9999357022966436, 0.005490048219382414, -0.009922229742703579, -0.005043083052797491, 0.9989955956478064, 0.04452378229224282, 0.010156701523660243, -0.04447088088663529, 0.9989590492944773]
  dt: d
  rows: 3
ts: !!opencv-matrix
  cols: 1
  data: [-5.370056469674894, -0.3559057026445045, -0.5325226018658614]
  dt: d
  rows: 3
