%YAML:1.0
---
stereo_error: 0.3
imsize: !!opencv-matrix
   rows: 2
   cols: 1
   dt: i
   data: [ 1280, 720 ]
imsize2: !!opencv-matrix
   rows: 2
   cols: 1
   dt: i
   data: [ 1280, 720 ]
K: !!opencv-matrix
  cols: 3
  data: [1073.2114309088608, 0.0, 585.3232105381046, 0.0, 1075.3148593410563, 440.35265819293755, 0.0, 0.0, 1.0]
  dt: d
  rows: 3
error: 0.2
K2: !!opencv-matrix
  cols: 3
  data: [1080.7228326488585, 0.0, 722.1546494982567, 0.0, 1089.1868023613624, 454.305161721454, 0.0, 0.0, 1.0]
  dt: d
  rows: 3
R2: !!opencv-matrix
  cols: 3
  data: [0.999777783957938, 0.006054447033542194, -0.020192235519438384, -0.006048254529650399, 0.9999816415258875, 0.00036773405591857905, 0.020194091247169317, -0.0002455245595679158, 0.9997960484000682]
  dt: d
  rows: 3
t2: !!opencv-matrix
  cols: 1
  data: [-5.38378572339177, -0.22026667386042736, -1.3670277582944674]
  dt: d
  rows: 3
delta: !!opencv-matrix
  cols: 1
  data: [-0.35818617526684166, 0.3685248276893286, 0.0028850517038314628, 0.00309478289101417, 0.17589811998648394]
  dt: d
  rows: 5
error2: 0.4
delta2: !!opencv-matrix
  cols: 1
  data: [-0.34863122838848654, 0.4610678646149707, 0.012235025785511494, 0.0033216668257155454, -0.1880554965804598]
  dt: d
  rows: 5
E: !!opencv-matrix
  cols: 3
  data: [-0.012716217141910298, 1.367056742628843, -0.21971904745777096, -1.2580033226432497, -0.009598448774519572, 5.410291038136886, 0.25278023346013534, -5.382353292390798, -0.006427477915932469]
  dt: d
  rows: 3
F: !!opencv-matrix
  cols: 3
  data: [-3.466477665436832e-07, 3.719346629479753e-05, -0.02260345325973477, -3.402704346648575e-05, -2.591153382803797e-07, 0.17708468303319314, 0.023156107180067734, -0.1850000701629283, 1.0]
  dt: d
  rows: 3
Rs: !!opencv-matrix
  cols: 3
  data: [0.999777783957938, 0.006054447033542194, -0.020192235519438384, -0.006048254529650399, 0.9999816415258875, 0.00036773405591857905, 0.020194091247169317, -0.0002455245595679158, 0.9997960484000682]
  dt: d
  rows: 3
ts: !!opencv-matrix
  cols: 1
  data: [-5.38378572339177, -0.22026667386042736, -1.3670277582944674]
  dt: d
  rows: 3
