%YAML:1.0
---
imsize: !!opencv-matrix
   rows: 2
   cols: 1
   dt: i
   data: [ 1280, 720 ]
imsize2: !!opencv-matrix
   rows: 2
   cols: 1
   dt: i
   data: [ 1280, 720 ]
K: !!opencv-matrix
  rows: 3
  cols: 3
  dt: d
  data: [1086.9254923581266, 0.0, 529.581429607127, 0.0, 1089.400368757618, 421.26956496291325, 0.0, 0.0, 1.0]
K2: !!opencv-matrix
  rows: 3
  cols: 3
  dt: d
  data: [1066.4101809173767, 0.0, 633.9631595635519, 0.0, 1069.018418236087, 409.05007774212595, 0.0, 0.0, 1.0]
R2: !!opencv-matrix
  rows: 3
  cols: 3
  dt: d
  data: [0.9999655980404901, -0.0073974139037508374, 0.003752466263890915, 0.007339382505261101, 0.9998567780501634, 0.015249814805032557, -0.0038647380204242725, -0.015221749396272318, 0.9998766734679585]
t2: !!opencv-matrix
  rows: 3
  cols: 1
  dt: d
  data: [-5.203597014035098, 0.09208966317560432, -1.4925184236570195]
delta: !!opencv-matrix
  rows: 5
  cols: 1
  dt: d
  data: [-0.3696831128757586, 0.6360103666655073, -0.011233682891541696, -0.006709456910553138, 0.048827021599148]
delta2: !!opencv-matrix
  rows: 5
  cols: 1
  dt: d
  data: [-0.3452716426581536, 0.3543486953812066, -0.004035276520117124, 0.002805643560624609, 0.2969265800475012]
E: !!opencv-matrix
  rows: 3
  cols: 3
  dt: d
  data: [0.010598261184805382, 1.4909028964833702, 0.11483893563067668, -1.5125776173217487, -0.06816707316806847, 5.197354647428207, -0.13027768399997858, -5.202170519369816, -0.07969945413837518]
F: !!opencv-matrix
  rows: 3
  cols: 3
  dt: d
  data: [-1.1697117201805755e-06, -0.00016417455149374735, 0.056004881568769836, 0.00016653326151146142, 7.488075632822348e-06, -0.7133117035748566, -0.05204548695674094, 0.7119108972897887, 1.0]
Rs: !!opencv-matrix
  rows: 3
  cols: 3
  dt: d
  data: [0.9999655980404901, -0.0073974139037508374, 0.003752466263890915, 0.007339382505261101, 0.9998567780501634, 0.015249814805032557, -0.0038647380204242725, -0.015221749396272318, 0.9998766734679585]
ts: !!opencv-matrix
  rows: 3
  cols: 1
  dt: d
  data: [-5.203597014035098, 0.09208966317560432, -1.4925184236570195]
