%YAML:1.0
---
imsize: !!opencv-matrix
   rows: 2
   cols: 1
   dt: i
   data: [ 1280, 720 ]
imsize2: !!opencv-matrix
   rows: 2
   cols: 1
   dt: i
   data: [ 1280, 720 ]
K: !!opencv-matrix
  rows: 3
  cols: 3
  dt: d
  data: [1071.997762428731, 0.0, 527.5983553254646, 0.0, 1075.1295803617186, 487.5980141446946, 0.0, 0.0, 1.0]
K2: !!opencv-matrix
  rows: 3
  cols: 3
  dt: d
  data: [1057.5518650679437, 0.0, 631.3799621772101, 0.0, 1063.4699365682739, 457.3970940925132, 0.0, 0.0, 1.0]
R2: !!opencv-matrix
  rows: 3
  cols: 3
  dt: d
  data: [0.9999506815422725, -0.007010831095203653, -0.007034396242693403, 0.007186638063933064, 0.999654412390714, 0.025286518564532935, 0.006854685731871442, -0.025335825132230566, 0.9996554952824429]
t2: !!opencv-matrix
  rows: 3
  cols: 1
  dt: d
  data: [-4.203900804368727, 0.7178796320459353, -1.152060999832645]
delta: !!opencv-matrix
  rows: 12
  cols: 1
  dt: d
  data: [-0.24031911571321418, -3.424341393378298, 0.010343454530033354, -0.003637278730674328, 2.208655327749294, 0.13096806280939027, -4.10847585421225, 2.0347533799018773, -0.003408067943400392, -0.0027021302909982594, -0.04078673007209333, 0.004211538039754223]
delta2: !!opencv-matrix
  rows: 12
  cols: 1
  dt: d
  data: [-4.257962580679365, 2.21627691767154, 0.010803558880795996, 0.0009569030151972032, 5.642756579366376, -3.9107694740963, 0.39795566628383167, 8.044154319007816, 0.005696926913379556, -0.0051497261892728815, -0.028119311869780318, -1.8864518831061448e-05]
E: !!opencv-matrix
  rows: 3
  cols: 3
  dt: d
  data: [0.013200284704356465, 1.1334747890024555, 0.7467639309857999, -1.1231877630990161, -0.09843239057153137, 4.2105565942780565, -0.748056140867324, -4.197415055493108, -0.10125216594675471]
F: !!opencv-matrix
  rows: 3
  cols: 3
  dt: d
  data: [-3.5919886616222576e-07, -3.0753644641375404e-05, -0.0065986319530038, 3.039348360658629e-05, 2.655823551260143e-06, -0.13947153574698198, 0.007852098953157563, 0.13864179552924372, 1.0]
Rs: !!opencv-matrix
  rows: 3
  cols: 3
  dt: d
  data: [0.9999506815422725, -0.007010831095203653, -0.007034396242693403, 0.007186638063933064, 0.999654412390714, 0.025286518564532935, 0.006854685731871442, -0.025335825132230566, 0.9996554952824429]
ts: !!opencv-matrix
  rows: 3
  cols: 1
  dt: d
  data: [-4.203900804368727, 0.7178796320459353, -1.152060999832645]
