%YAML:1.0
---
imsize: !!opencv-matrix
   rows: 2
   cols: 1
   dt: i
   data: [ 1280, 720 ]
imsize2: !!opencv-matrix
   rows: 2
   cols: 1
   dt: i
   data: [ 1280, 720 ]
K: !!opencv-matrix
  rows: 3
  cols: 3
  dt: d
  data: [1071.997762428731, 0.0, 527.5983553254646, 0.0, 1075.1295803617186, 487.5980141446946, 0.0, 0.0, 1.0]
K2: !!opencv-matrix
  rows: 3
  cols: 3
  dt: d
  data: [1057.5518650679437, 0.0, 631.3799621772101, 0.0, 1063.4699365682739, 457.3970940925132, 0.0, 0.0, 1.0]
R2: !!opencv-matrix
  rows: 3
  cols: 3
  dt: d
  data: [0.9999615611972008, -0.007003551400006322, 0.005275073065309007, 0.006827773340140475, 0.9994440464460723, 0.03263402418821316, -0.0055006944354823095, -0.03259675277215023, 0.9994534476749974]
t2: !!opencv-matrix
  rows: 3
  cols: 1
  dt: d
  data: [-5.351621179408198, 0.026190963609633012, -0.7507693898866356]
delta: !!opencv-matrix
  rows: 12
  cols: 1
  dt: d
  data: [-0.24031911571321418, -3.424341393378298, 0.010343454530033354, -0.003637278730674328, 2.208655327749294, 0.13096806280939027, -4.10847585421225, 2.0347533799018773, -0.003408067943400392, -0.0027021302909982594, -0.04078673007209333, 0.004211538039754223]
delta2: !!opencv-matrix
  rows: 12
  cols: 1
  dt: d
  data: [-4.257962580679365, 2.21627691767154, 0.010803558880795996, 0.0009569030151972032, 5.642756579366376, -3.9107694740963, 0.39795566628383167, 8.044154319007816, 0.005696926913379556, -0.0051497261892728815, -0.028119311869780318, -1.8864518831061448e-05]
E: !!opencv-matrix
  rows: 3
  cols: 3
  dt: d
  data: [0.004982014737074072, 0.7494982566105004, 0.05067727530690861, -0.7801781640524901, -0.16918742050374963, 5.34473587502321, -0.06272961327564212, -5.348462496834376, -0.17478309426165264]
F: !!opencv-matrix
  rows: 3
  cols: 3
  dt: d
  data: [-1.0713838130184414e-07, -1.6071032066190848e-05, 0.006724448638132204, 1.6684389572116257e-05, 3.6075940994855217e-06, -0.1330900827440813, -0.0061371064054799185, 0.1297808969708612, 1.0]
Rs: !!opencv-matrix
  rows: 3
  cols: 3
  dt: d
  data: [0.9999615611972008, -0.007003551400006322, 0.005275073065309007, 0.006827773340140475, 0.9994440464460723, 0.03263402418821316, -0.0055006944354823095, -0.03259675277215023, 0.9994534476749974]
ts: !!opencv-matrix
  rows: 3
  cols: 1
  dt: d
  data: [-5.351621179408198, 0.026190963609633012, -0.7507693898866356]
