%YAML:1.0
---
imsize: !!opencv-matrix
   rows: 2
   cols: 1
   dt: i
   data: [ 1280, 720 ]
imsize2: !!opencv-matrix
   rows: 2
   cols: 1
   dt: i
   data: [ 1280, 720 ]
K: !!opencv-matrix
  rows: 3
  cols: 3
  dt: d
  data: [1086.9254923581266, 0.0, 529.581429607127, 0.0, 1089.400368757618, 421.26956496291325, 0.0, 0.0, 1.0]
K2: !!opencv-matrix
  rows: 3
  cols: 3
  dt: d
  data: [1066.4101809173767, 0.0, 633.9631595635519, 0.0, 1069.018418236087, 409.05007774212595, 0.0, 0.0, 1.0]
R2: !!opencv-matrix
  rows: 3
  cols: 3
  dt: d
  data: [0.9999225375530757, -0.00786114558179268, -0.009649936971796702, 0.007937801110990107, 0.9999370417148796, 0.007931199153812305, 0.009586981117127106, -0.008007184064134547, 0.999921984354991]
t2: !!opencv-matrix
  rows: 3
  cols: 1
  dt: d
  data: [-3.9179036535784446, 0.7697117408014355, -1.9657575413833404]
delta: !!opencv-matrix
  rows: 5
  cols: 1
  dt: d
  data: [-0.3696831128757586, 0.6360103666655073, -0.011233682891541696, -0.006709456910553138, 0.048827021599148]
delta2: !!opencv-matrix
  rows: 5
  cols: 1
  dt: d
  data: [-0.3452716426581536, 0.3543486953812066, -0.004035276520117124, 0.002805643560624609, 0.2969265800475012]
E: !!opencv-matrix
  rows: 3
  cols: 3
  dt: d
  data: [0.022983004320624254, 1.95947055707465, 0.7852425057923256, -1.9280444006485449, -0.015918269488426555, 3.936567432174011, -0.8007516570206937, -3.911606173032693, -0.023646004356793725]
F: !!opencv-matrix
  rows: 3
  cols: 3
  dt: d
  data: [1.5081566538725194e-05, 0.0012828936476634556, 0.011640220433994902, -0.001262105855428955, -1.0396492872429361e-05, 3.4736586291757985, -0.05364976645619195, -3.54011510498996, 1.0]
Rs: !!opencv-matrix
  rows: 3
  cols: 3
  dt: d
  data: [0.9999225375530757, -0.00786114558179268, -0.009649936971796702, 0.007937801110990107, 0.9999370417148796, 0.007931199153812305, 0.009586981117127106, -0.008007184064134547, 0.999921984354991]
ts: !!opencv-matrix
  rows: 3
  cols: 1
  dt: d
  data: [-3.9179036535784446, 0.7697117408014355, -1.9657575413833404]
