%YAML:1.0
---
imsize: !!opencv-matrix
   rows: 2
   cols: 1
   dt: i
   data: [ 1280, 720 ]
K: !!opencv-matrix
  cols: 3
  data: [1055.686158030483, 0.0, 605.5096780945622, 0.0, 1059.938486386774, 325.2214054140917, 0.0, 0.0, 1.0]
  dt: d
  rows: 3
delta: !!opencv-matrix
  cols: 1
  data: [-0.3002286791462232, 0.3614676615992071, -0.004755728708210386, 0.0031742414073485125,  -0.23309326529405783]
  dt: d
  rows: 5
R: !!opencv-matrix
  cols: 3
  data: [1, 0, 0, 0, 1, 0, 0, 0, 1]
  dt: d
  rows: 3
t: !!opencv-matrix
  cols: 1
  data: [0, 0, 0]
  dt: d 
  rows: 3
error: 0.0

imsize2: !!opencv-matrix
   rows: 2
   cols: 1
   dt: i
   data: [ 1280, 720 ]
K2: !!opencv-matrix
  cols: 3
  data: [1078.7712964854852, 0.0, 720.2272219154976, 0.0, 1080.0773149169538, 345.66091067253205,  0.0, 0.0, 1.0]
  dt: d
  rows: 3
R2: !!opencv-matrix
  cols: 3
  data: [0.9999724214210213, 0.0013115393074061073, 0.007310011082394534, -0.0012783444711762049,  0.9999888596399307, -0.004543834442846985, -0.007315889063717097, 0.004534364418098532,  0.9999629579672096]
  dt: d
  rows: 3
t2: !!opencv-matrix
  cols: 1
  data: [-5.970377413530959, -0.9147295205060482, -0.03989280780910613]
  dt: d 
  rows: 3
delta2: !!opencv-matrix
  cols: 1
  data: [-0.3901718507942541, 0.4426121821861942, -0.003482192068760535, -0.0013378656446418364,  -0.35742975385781645]
  dt: d
  rows: 5
error2: 0.0

E: !!opencv-matrix
  cols: 3
  data: [0.006641062945026916, 0.035744646398896004, -0.9148769033793002, -0.08357032644807,  0.027019545921009486, 5.969864641747843, 0.9223364925231453, -5.969111197655034,  0.03381508946069032]
  dt: d
  rows: 3
F: !!opencv-matrix
  cols: 3
  data: [1.7292123988769848e-07, 9.269918481271184e-07, -0.025554460069746376, -2.173388580007286e-06,  6.998701868829473e-07, 0.16499052355322374, 0.02653445221631195, -0.16790475227859156,  1.0]
  dt: d
  rows: 3
Rs: !!opencv-matrix
  cols: 3
  data: [0.9999724214210213, 0.0013115393074061073, 0.007310011082394534, -0.0012783444711762049,  0.9999888596399307, -0.004543834442846985, -0.007315889063717097, 0.004534364418098532,  0.9999629579672096]
  dt: d
  rows: 3
ts: !!opencv-matrix
  cols: 1
  data: [-5.970377413530959, -0.9147295205060482, -0.03989280780910613]
  dt: d 
  rows: 3
stereo_error: 0.032039289794930426
